0.0 90.0 0 PHS0_phiP90_b0
0.0 -90.0 0 PHS0_phiN90_b0
0.0 120.0 0 PHS0_phiP120_b0
0.0 -120.0 0 PHS0_phiN120_b0
0.0 150.0 0 PHS0_phiP150_b0
0.0 -150.0 0 PHS0_phiN150_b0
12.5 90.0 0 PHS125_phiP90_b0
12.5 -90.0 0 PHS125_phiN90_b0
12.5 120.0 0 PHS125_phiP120_b0
12.5 -120.0 0 PHS125_phiN120_b0
12.5 150.0 0 PHS125_phiP150_b0
12.5 -150.0 0 PHS125_phiN150_b0
25.0 90.0 0 PHS250_phiP90_b0
25.0 -90.0 0 PHS250_phiN90_b0
25.0 120.0 0 PHS250_phiP120_b0
25.0 -120.0 0 PHS250_phiN120_b0
25.0 150.0 0 PHS250_phiP150_b0
25.0 -150.0 0 PHS250_phiN150_b0
37.5 90.0 0 PHS375_phiP90_b0
37.5 -90.0 0 PHS375_phiN90_b0
37.5 120.0 0 PHS375_phiP120_b0
37.5 -120.0 0 PHS375_phiN120_b0
37.5 150.0 0 PHS375_phiP150_b0
37.5 -150.0 0 PHS375_phiN150_b0
50.0 90.0 0 PHS500_phiP90_b0
50.0 -90.0 0 PHS500_phiN90_b0
50.0 120.0 0 PHS500_phiP120_b0
50.0 -120.0 0 PHS500_phiN120_b0
50.0 150.0 0 PHS500_phiP150_b0
50.0 -150.0 0 PHS500_phiN150_b0
62.5 90.0 0 PHS625_phiP90_b0
62.5 -90.0 0 PHS625_phiN90_b0
62.5 120.0 0 PHS625_phiP120_b0
62.5 -120.0 0 PHS625_phiN120_b0
75.0 90.0 0 PHS750_phiP90_b0
75.0 -90.0 0 PHS750_phiN90_b0
75.0 120.0 0 PHS750_phiP120_b0
75.0 -120.0 0 PHS750_phiN120_b0
75.0 150.0 0 PHS750_phiP150_b0
75.0 -150.0 0 PHS750_phiN150_b0
87.5 90.0 0 PHS875_phiP90_b0
87.5 -90.0 0 PHS875_phiN90_b0
