0.0 -150.0 0.0 10.0,15.0,20.0,25.0,30.0,40.0,45.0,60.0,65.0 MOMREFETCH0_phiN150_b0
0.0 -120.0 0.0 10.0,15.0,20.0,25.0,30.0,40.0 MOMREFETCH0_phiN120_b0
0.0 -90.0 0.0 10.0,15.0,20.0,25.0,30.0,35.0,45.0,60.0,70.0,80.0 MOMREFETCH0_phiN90_b0
0.0 -90.0 180.0 10.0,20.0,30.0,50.0,70.0,80.0,90.0 MOMREFETCH0_phiN90_b180
0.0 -60.0 0.0 10.0,20.0,30.0,40.0,50.0,70.0 MOMREFETCH0_phiN60_b0
0.0 0.0 0.0 10.0,20.0,30.0,40.0,50.0,60.0,70.0,80.0,90.0,100.0 MOMREFETCH0_phi00_b0
0.0 0.0 180.0 10.0,20.0,30.0,40.0,50.0,60.0,70.0,80.0,90.0 MOMREFETCH0_phi00_b180
0.0 30.0 0.0 10.0,20.0,30.0,40.0,50.0,60.0,80.0 MOMREFETCH0_phiP30_b0
0.0 60.0 0.0 10.0,20.0,30.0,40.0 MOMREFETCH0_phiP60_b0
0.0 90.0 0.0 10.0,15.0,20.0,25.0,30.0,45.0 MOMREFETCH0_phiP90_b0
0.0 90.0 180.0 10.0,20.0,30.0,40.0 MOMREFETCH0_phiP90_b180
0.0 120.0 0.0 10.0,15.0,20.0,30.0,40.0,55.0,65.0,85.0 MOMREFETCH0_phiP120_b0
0.0 150.0 0.0 10.0,15.0,20.0,30.0,35.0,55.0 MOMREFETCH0_phiP150_b0
12.5 -150.0 0.0 10.0,15.0,20.0,25.0,30.0,35.0,40.0,45.0,70.0,80.0 MOMREFETCH125_phiN150_b0
12.5 -120.0 0.0 10.0,15.0,20.0,25.0,30.0,35.0,40.0 MOMREFETCH125_phiN120_b0
12.5 -90.0 0.0 10.0,15.0,20.0,25.0,80.0 MOMREFETCH125_phiN90_b0
12.5 -60.0 0.0 10.0,20.0,30.0,50.0,60.0 MOMREFETCH125_phiN60_b0
12.5 -30.0 0.0 10.0,20.0,50.0,60.0 MOMREFETCH125_phiN30_b0
12.5 0.0 0.0 10.0,30.0,40.0,50.0,60.0,70.0,80.0 MOMREFETCH125_phi00_b0
12.5 30.0 0.0 10.0,20.0,30.0,40.0,50.0,80.0 MOMREFETCH125_phiP30_b0
12.5 60.0 0.0 10.0,20.0,30.0,40.0,70.0,90.0 MOMREFETCH125_phiP60_b0
12.5 90.0 0.0 10.0,15.0,20.0,30.0,40.0 MOMREFETCH125_phiP90_b0
12.5 120.0 0.0 10.0,15.0,20.0,25.0,30.0,45.0,75.0 MOMREFETCH125_phiP120_b0
12.5 150.0 0.0 10.0,15.0,20.0,25.0,35.0 MOMREFETCH125_phiP150_b0
