12.5 0.0 0 LMD125_phi00_b0
12.5 30.0 0 LMD125_phiP30_b0
12.5 -30.0 0 LMD125_phiN30_b0
12.5 60.0 0 LMD125_phiP60_b0
12.5 -60.0 0 LMD125_phiN60_b0
12.5 90.0 0 LMD125_phiP90_b0
12.5 -90.0 0 LMD125_phiN90_b0
12.5 120.0 0 LMD125_phiP120_b0
12.5 -120.0 0 LMD125_phiN120_b0
12.5 150.0 0 LMD125_phiP150_b0
12.5 -150.0 0 LMD125_phiN150_b0
37.5 0.0 0 LMD375_phi00_b0
37.5 30.0 0 LMD375_phiP30_b0
37.5 -30.0 0 LMD375_phiN30_b0
37.5 60.0 0 LMD375_phiP60_b0
37.5 -60.0 0 LMD375_phiN60_b0
37.5 90.0 0 LMD375_phiP90_b0
37.5 -90.0 0 LMD375_phiN90_b0
37.5 120.0 0 LMD375_phiP120_b0
37.5 -120.0 0 LMD375_phiN120_b0
37.5 150.0 0 LMD375_phiP150_b0
37.5 -150.0 0 LMD375_phiN150_b0
62.5 0.0 0 LMD625_phi00_b0
62.5 30.0 0 LMD625_phiP30_b0
62.5 -30.0 0 LMD625_phiN30_b0
62.5 60.0 0 LMD625_phiP60_b0
62.5 -60.0 0 LMD625_phiN60_b0
62.5 90.0 0 LMD625_phiP90_b0
62.5 -90.0 0 LMD625_phiN90_b0
62.5 120.0 0 LMD625_phiP120_b0
62.5 -120.0 0 LMD625_phiN120_b0
87.5 0.0 0 LMD875_phi00_b0
87.5 30.0 0 LMD875_phiP30_b0
87.5 -30.0 0 LMD875_phiN30_b0
87.5 60.0 0 LMD875_phiP60_b0
87.5 -60.0 0 LMD875_phiN60_b0
87.5 90.0 0 LMD875_phiP90_b0
87.5 -90.0 0 LMD875_phiN90_b0
