0.0 0.0 0 LM0_phi00_b0
0.0 30.0 0 LM0_phiP30_b0
0.0 -30.0 0 LM0_phiN30_b0
0.0 90.0 0 LM0_phiP90_b0
0.0 -90.0 0 LM0_phiN90_b0
0.0 120.0 0 LM0_phiP120_b0
0.0 -120.0 0 LM0_phiN120_b0
0.0 150.0 0 LM0_phiP150_b0
0.0 -150.0 0 LM0_phiN150_b0
25.0 0.0 0 LM25_phi00_b0
25.0 30.0 0 LM25_phiP30_b0
25.0 -30.0 0 LM25_phiN30_b0
25.0 90.0 0 LM25_phiP90_b0
25.0 -90.0 0 LM25_phiN90_b0
25.0 120.0 0 LM25_phiP120_b0
25.0 -120.0 0 LM25_phiN120_b0
25.0 150.0 0 LM25_phiP150_b0
25.0 -150.0 0 LM25_phiN150_b0
50.0 0.0 0 LM50_phi00_b0
50.0 30.0 0 LM50_phiP30_b0
50.0 -30.0 0 LM50_phiN30_b0
50.0 90.0 0 LM50_phiP90_b0
50.0 -90.0 0 LM50_phiN90_b0
50.0 120.0 0 LM50_phiP120_b0
50.0 -120.0 0 LM50_phiN120_b0
50.0 150.0 0 LM50_phiP150_b0
50.0 -150.0 0 LM50_phiN150_b0
75.0 0.0 0 LM75_phi00_b0
75.0 30.0 0 LM75_phiP30_b0
75.0 -30.0 0 LM75_phiN30_b0
75.0 90.0 0 LM75_phiP90_b0
75.0 -90.0 0 LM75_phiN90_b0
75.0 120.0 0 LM75_phiP120_b0
75.0 -120.0 0 LM75_phiN120_b0
75.0 150.0 0 LM75_phiP150_b0
75.0 -150.0 0 LM75_phiN150_b0
