0.0 -90.0 0 40.0 0.001 STB0_phiN90_s40_v0001_b0
0.0 -90.0 0 40.0 0.005 STB0_phiN90_s40_v0005_b0
0.0 -90.0 0 40.0 0.02 STB0_phiN90_s40_v002_b0
0.0 90.0 0 40.0 0.001 STB0_phiP90_s40_v0001_b0
0.0 90.0 0 40.0 0.005 STB0_phiP90_s40_v0005_b0
0.0 90.0 0 40.0 0.02 STB0_phiP90_s40_v002_b0
0.0 150.0 0 80.0 0.001 STB0_phiP150_s80_v0001_b0
0.0 150.0 0 80.0 0.005 STB0_phiP150_s80_v0005_b0
0.0 150.0 0 80.0 0.02 STB0_phiP150_s80_v002_b0
0.0 -120.0 0 80.0 0.001 STB0_phiN120_s80_v0001_b0
0.0 -120.0 0 80.0 0.005 STB0_phiN120_s80_v0005_b0
0.0 -120.0 0 80.0 0.02 STB0_phiN120_s80_v002_b0
0.0 -90.0 0 100.0 0.001 STB0_phiN90_s100_v0001_b0
0.0 -90.0 0 100.0 0.005 STB0_phiN90_s100_v0005_b0
0.0 -90.0 0 100.0 0.02 STB0_phiN90_s100_v002_b0
25.0 150.0 0 40.0 0.001 STB250_phiP150_s40_v0001_b0
25.0 150.0 0 40.0 0.005 STB250_phiP150_s40_v0005_b0
25.0 150.0 0 40.0 0.02 STB250_phiP150_s40_v002_b0
25.0 120.0 0 80.0 0.001 STB250_phiP120_s80_v0001_b0
25.0 120.0 0 80.0 0.005 STB250_phiP120_s80_v0005_b0
25.0 120.0 0 80.0 0.02 STB250_phiP120_s80_v002_b0
25.0 90.0 0 90.0 0.001 STB250_phiP90_s90_v0001_b0
25.0 90.0 0 90.0 0.005 STB250_phiP90_s90_v0005_b0
25.0 90.0 0 90.0 0.02 STB250_phiP90_s90_v002_b0
25.0 150.0 0 80.0 0.001 STB250_phiP150_s80_v0001_b0
25.0 150.0 0 80.0 0.005 STB250_phiP150_s80_v0005_b0
25.0 150.0 0 80.0 0.02 STB250_phiP150_s80_v002_b0
25.0 -90.0 0 20.0 0.001 STB250_phiN90_s20_v0001_b0
25.0 -90.0 0 20.0 0.005 STB250_phiN90_s20_v0005_b0
25.0 -90.0 0 20.0 0.02 STB250_phiN90_s20_v002_b0
50.0 -90.0 0 60.0 0.001 STB500_phiN90_s60_v0001_b0
50.0 -90.0 0 60.0 0.005 STB500_phiN90_s60_v0005_b0
50.0 -90.0 0 60.0 0.02 STB500_phiN90_s60_v002_b0
50.0 -120.0 0 50.0 0.001 STB500_phiN120_s50_v0001_b0
50.0 -120.0 0 50.0 0.005 STB500_phiN120_s50_v0005_b0
50.0 -120.0 0 50.0 0.02 STB500_phiN120_s50_v002_b0
50.0 -120.0 0 100.0 0.001 STB500_phiN120_s100_v0001_b0
50.0 -120.0 0 100.0 0.005 STB500_phiN120_s100_v0005_b0
50.0 -120.0 0 100.0 0.02 STB500_phiN120_s100_v002_b0
50.0 -120.0 0 60.0 0.001 STB500_phiN120_s60_v0001_b0
50.0 -120.0 0 60.0 0.005 STB500_phiN120_s60_v0005_b0
50.0 -120.0 0 60.0 0.02 STB500_phiN120_s60_v002_b0
50.0 90.0 0 90.0 0.001 STB500_phiP90_s90_v0001_b0
50.0 90.0 0 90.0 0.005 STB500_phiP90_s90_v0005_b0
50.0 90.0 0 90.0 0.02 STB500_phiP90_s90_v002_b0
75.0 120.0 0 90.0 0.001 STB750_phiP120_s90_v0001_b0
75.0 120.0 0 90.0 0.005 STB750_phiP120_s90_v0005_b0
75.0 120.0 0 90.0 0.02 STB750_phiP120_s90_v002_b0
75.0 -120.0 0 40.0 0.001 STB750_phiN120_s40_v0001_b0
75.0 -120.0 0 40.0 0.005 STB750_phiN120_s40_v0005_b0
75.0 -120.0 0 40.0 0.02 STB750_phiN120_s40_v002_b0
75.0 -150.0 0 100.0 0.001 STB750_phiN150_s100_v0001_b0
75.0 -150.0 0 100.0 0.005 STB750_phiN150_s100_v0005_b0
75.0 -150.0 0 100.0 0.02 STB750_phiN150_s100_v002_b0
75.0 150.0 0 80.0 0.001 STB750_phiP150_s80_v0001_b0
75.0 150.0 0 80.0 0.005 STB750_phiP150_s80_v0005_b0
75.0 150.0 0 80.0 0.02 STB750_phiP150_s80_v002_b0
75.0 -120.0 0 50.0 0.001 STB750_phiN120_s50_v0001_b0
75.0 -120.0 0 50.0 0.005 STB750_phiN120_s50_v0005_b0
75.0 -120.0 0 50.0 0.02 STB750_phiN120_s50_v002_b0
